181
0
0
2000200020002000,0000010000100010,0000010000100010,0010001000001000,1000101000001001,0010001000100010,1000101000001000,00001000000010000000000010000001,0010010010001000,2000010100100000,0000100010000010,0010000010000010,0100010000100100,1000100010001000,0100010010001000,000100000000000100000000000000000000100000100000,1000000000001000,0000100010001000,0000100000100000,200000100000000000000000000000000000100000100000,2000001000100000,0001100010001000,0001001000001000,200000100000000000000000200000000000100000000010,0000000100000010,0010010000100010,000000000000100000000000000000100000000000100000,000000100000100000000000000000000000100000000000,0000100000001000,000000000000100000100000000000000000100100000000,000000000000100000000000100000000000100000000000,100000000000000000000000001000000000001000000010,0000,010000100000,1000010000001000,1000100010000010,000000100000000000000000000000000000100000000000,0000100010001000,000000000000100000000010100000000000100100000000,
0000000000000000,2000200020002000,0000000100001000,2000200020002001,0010000010100000,1000100010001000,1000100010001001,00000000100010000000100000000010,0000100100100010,0000010010001000,2000010010101000,0000100000001000,0001000100010001,0010001001000010,0001000100100010,000000000100000000000100000000100000100000100000,1000100010000010,0010000000100010,0010001000001000,000000001000000000100000200000000010000000000000,0000200000002000,2000000000100020,0100100010010010,000000001000000000200000000000100000000000001000,2000100010001000,1000010100001000,100000000000000100000000100000000000100000000000,000010000000000000000000100000100000000000100000,1000100000100010,200000001000000000000010000000100000000000000100,000000100000000000000000000000100000100000000000,100000000000100000000000000000100010000000100000,0000,010010001000,0010010100100010,0010010100100000,000010000000100000000000100000000000000000100000,1010001000100010,100000000000000000000000000000100000000000000000,
0000000100001000,0000000000000000,2000200020002000,0000000000100010,1000100010001000,0000101000001000,0010001000100010,10001000000000001000100000000100,2000100100001000,0010000010000010,0010100100001000,0000100000001000,0010001001000010,0001000100010001,0010001000010001,000000100000000000100000100000000010000010000010,0010001000001000,1000001000100000,1000100010000010,000000000010000000000000000000001000000000200000,0000000020000000,0010001000100000,1000010000100100,000000000010000000000000200000100000000000100000,0000010000101000,1000100010000010,000000100000000100000000100000000000000000000000,001000000000100000000000100000000000000000000000,1000001010000000,000000000010000000001000000000100000000000000000,100000000000100000000000000000100000000100000100,000000100000000000100000000010000000000010000000,2000,000100000010,1000000010001000,1000010100001000,001000000000000000100000100000000000100000000000,1000100010001000,000000100000000000100000000000100000000000000000,
0000010000100010,0000000100001000,0000000000000000,0000100010000000,0010001000100010,1010000010100001,0010000010100000,10000000100000001000000010001000,0000000010000000,0000100100001000,0000000100000010,1000001000100010,1000100010001000,0100010000100100,1000100001000100,100000000000100000000000000000100010000010000010,0000100000100000,0001100010001000,1000000000001000,000000000000100000100000100000100000000000000000,0010000000000010,0000100010001000,0010000101000001,000000000000100000000000000000000000100010000000,0010010010000010,0000000010001000,100000000000000000000100000000000000100000000000,100000000000000000100000000000000000100000100000,0010000010001000,000000100000000000000000100000000000100100000000,100000000000000000100000100000000000000100000100,000000000000100000000000100000001000100000001000,0000,100010001000,0000100010000010,0000100010001000,100000000000100000000000000000100000000000000000,0010000100000010,000000000010100000000000100000000000100100000000,
0000001000100000,100000000000000000000200000000001000000000000000,10000100,01000100,00100001,00100010,01001000,01000010,01000100,01000100,000100000000000000000000,0,end,"
1000100010001000,100000000000100000000000000000100010001000000010,00010001,00010010,01001000,10001000,00100010,00010001,00010001,00010010,001000000000000000000000,0,end,"
0010000000100101,000000100000000100000000100010000000000010001000,01001000,10001000,10000100,01000100,10000100,10001000,00100010,10000001,010000000000000000000000,0,end,"
0000100000000100,000000000000000100000000001000000000100000100000,00100010,00100001,00010010,00010001,00010001,00100100,10001000,00101000,100000000000000000000000,0,end,"
0
125.0
24
62.5
32
31.25
33
125.0
divide
8.0
24
4.0
32
0.5
33
6.0
34
8.0
hideBarLine
↓
33
1