135
0
0
2000,0000,0000000000100010,0000000020000000,2000000000000000,0000000020000000,2000002000002000,2222222222222222,2000001010100000,1000001000000010,0010100000001000,1000000000001000,2000000020000000,2000000020000000,2000000020000000,2000000020000000,2000200020002000,2000200020002000,2000200020002000,2000200020002000,2020202020202020,2020202020202020,0000000000000000,2000002000001000,1000001000000000,0010100010100000,1000001000000000,1000001000000001,0000000000001000,1000001000000000,0001000001000000,2000002020000020,2000001000000000,0010100010100000,1000001000000000,1000001000000001,0000000000001000,1000001000000000,0000001000000000,1000000000000010,2000000000000000,1000000000000000,1000000000000000,0000000000000000,1000000000000000,2000000000000000,1000000000000000,1000000000000000,1000000000000000,2000002000200000,2000002000200200,2000000000000000,2000000010001000,2000000000000000,2000000000000000,2000000000000010,2002002020020020,2000000000000000,2000000000000000,2000000000000000,0000000000000000,
0000,0000,2000000000000000,0000000000000000,0000000020000000,0000100000000000,0010100001000020,0000000000000000,0000000001001000,0001000010101000,1001001000000010,0010101001000010,0000001000000010,0010100000100000,0000001000000010,0010100000100000,0000001000000000,0000001000000010,0000001000000000,0000001000000010,0000000000000000,0000000000000000,2222222222222222,0010100000110022,0001000001001000,0001000001000010,0001000001001000,0010100010100000,1000001000000000,0010100010100010,0010100010100000,0002000000101000,0001000001001000,0001000001000010,0001000001001000,0010100010100000,1000001000000000,0010100010100010,2000100010000000,0010000000001100,0000000000000000,0000000000000000,0000000000000000,0001000000000000,0000100010001000,0000022002000010,0002000020020020,0002202202000000,0020220020002000,0000100000001000,0000100010010010,0022002200000020,0020002001000010,0002000000002200,0002000220000000,0100200200002000,0000000100000000,0000200200202222,0000200200220220,0000200200022020,0020220022220220,
2000,0000,0000000000000000,0000000020000000,2000000000000000,0000000020000000,2001002010102000,1000000010000000,2001001000000010,0010101001000010,1000000001001000,0001000010101000,1001000001001000,0001001001001000,1001000001001000,0001001001001000,0001000001001000,0010000000100000,0001000001001000,0010000000100000,0000000001001000,1001001000000010,0000000000000000,0002000001000000,0010100010100000,0000001000000000,0010100010100000,0001000001000100,0010100010100010,0001000001000000,1000001000001000,0000000000020000,0010100010100000,0000001000000000,0010100010100000,0001000001000100,0010100010100010,0001000001000000,0000000000001000,0000100000110000,2000000000000000,0000000000000000,0000000000000000,0010100000000000,0010000000000000,0001000000000101,0000000000000000,0000000000000000,0000000000000000,0000000000000000,0000000000000000,0000000000000000,0000000000100001,0000100010000000,0000000001000110,0000010001000000,0000110001100001,0000000000000000,0000000000000000,0000000000000001,0000000000000000,
0000,0000,0000000000000000,0000000000000000,0000000000000010,1000000000001000,0000000000000000,0000100000001000,0010100000001000,1000000000001000,0000001010100000,1000001000000000,0010100000100000,1000000000000010,0010100000100000,1000000000000010,0010000000100010,0001000001001000,0010000000100010,0001000001001000,1001001000000010,0000000001001000,0000000000000000,0000000010000000,1000000000000010,1000000000001000,0000000000000010,0000000000001000,0001000001000000,0000000000001000,0000000000000010,0010100000000000,0000000000000010,1000000000001000,0000000000000010,0000000000001000,0001000001000000,0000000000001000,0000000000000000,0000000011000000,0000000000000000,0000000000000000,0000000000000000,0000000000000000,0000000000000000,0000000100101000,0010011100100100,0000000000011010,0000001000110011,0011001101100010,0011001100100100,0000100001011000,0100110100010100,0010001001100011,0010011000110000,0011001000010000,0110000000001100,0011001001000000,0110010011000000,0011001011000100,1101001000000000,
20000000,00000000,00000000,00000000,2000000000000000,2000000000000000,2000000020000000,2000000020000000,2020202020202020,2222222222222222,2000000000000000,2000002000001000,2000002000002000,2000000020001010,2000001010100000,2222222222222222,1001000000001000,0000001010100000,0000001000001000,1000100000000010,1000000000001000,1000000010100000,0001001000000000,0000001000000000,1000000001001000,0010101000001000,2000000000000000,0,0,end,"
00022022,02002222,00220022,02220020,0000020020020000,0000200202002020,0000220000002000,0000222000000020,0000000000000000,0000000000000000,0000000000000000,0002000000110022,0010100001000010,0000000000100100,0000010001000100,0000000000000000,0010101001000000,1001000001001010,1000100010000010,0010001022022202,0000001001000000,0000001001001010,1010100000002000,1001000010101000,0000001010100000,1001000000000000,0000000000000000,0,0,end,"
00000000,00000000,00000000,00000000,0000000000000220,0000000000000000,0000000000000000,0000000000000000,0010100010000100,1000100010100000,2000000000000000,0010100001000000,0001000010102000,0010010000000000,0010100000001010,0010001000100010,1000000010100010,0010101000000000,0010000000100000,1000100000000000,1001000010100000,1001000000000000,0000001010100010,0010101001000010,1001000000000010,0000001010100010,2000000000000000,0,0,end,"
01000100,00010000,10001000,00000100,0110100100100000,0011001010010000,0010001001100010,0010000000101100,1000001000100000,0010001000001010,0000000000000000,1000001010000000,0000000000000000,0000101000000000,0001000000000000,1000100010001000,0000001000001000,1000000000001000,1000100010001000,0010001000100000,0010101000001010,0010101000001000,1000000001000000,1000000000001000,0010101000001000,1000000001001000,0000000000000000,0,0,end,"
0
176.0
40
126.0
49
131.0
51
136.0
53
141.0
54
146.0
55
151.0
56
156.0
57
161.0
58
166.0
59
171.0
60
176.0
61
181.0
62
186.0
63
191.0
64
196.0
65
201.0
66
211.0
67
221.0
68
231.0
69
241.0
70
251.0
71
176.0
87
126.0
divide
8.0
61
4.0
65
8.0
hideBarLine
↓