280  //offset
46
-200
000000000000000000000100,0000,000000000000000000000100,0000000000000010,00010100,20010020,20100020,20002010,00010001,0000,0000,0000,2000,1000002000200000,0000000100000330,0000100000000000,0010000110000000,10001000,00100010,10001000,0010000110000000,00000010000000100000000020000000,20200020,00100020,00200020,00100010,00100010,00100000,0000000010000000,1000000010001000,0000100100010101,0010001000010100,0001000010000010,0100100100010001,0000100100010101,0010001000010100,0001000010000010,0100100100010000,0333333000101000,1000100000101000,0333333000101000,1000100000001000,0000000000001000,0000100010000000,1000000000100000,10000000000000001000000000000000,1000000000000010000010000000,1000001000001001000000100000,0010001000001000000010000000,1010000000000000001000000000,0000000000000000,0000000000000000,0000000000000000,0000000000000000,
000000000000000000000010,0010,000000000000100000000010,0000000010000001,00000010,00101000,01010100,00100101,20202020,0000,0000,0000,0100,1020000000010020,2222001010010000,2012002020020020,0000110000033330,01010101,10101010,01010101,1010000110033330,00001000000010001000001000000000,00000000,01001000,00000000,00001001,00010001,01001010,0000100000100000,1000100010100100,1001001001001000,1001010100100010,1010100100010100,1010101000100010,1001001001001000,1001010100100010,1010100100010100,1010101000100010,1000100010001010,0010001010001010,0010001000001010,0010001010000010,2000222210000000,1000001010000000,0002201010001000,10000000100000000000000000000000,1010001010001001001000002222,1010001010001000101000002222,1000001010001010001000002222,1000001010001010001010002222,0000000000000000,0000000000000000,0000000000000000,0000000000000000,
000000000000000000000001,0100,100000000000000000000001,0000100000001000,10101000,00101010,01010101,01010010,00000000,0000,0000,0000,0010,0001000100001000,0000010000100000,0000000000100000,1000110110000000,10101010,01010101,10101010,0000110000033330,00100000100000000000100000000200,00001000,10000001,00010001,01010000,10001000,10010001,0000100000001000,1000100001010010,1010100010101010,1010101001000001,0100101010101000,1001001001001000,1010100010101010,1010101001000001,0100101010101000,1001001001001001,0010001000100000,0300001000100000,1000100010100000,0300001000101000,0000000010001000,0010101000000000,0000000010001000,10000000100000001000000000300000,1000101000101000101000100000,1000001000101010001010000000,1000101000001001001000100000,1000101000101001001000000000,0000000000000000,0000000000000000,0000000000000000,0000000000000000,
000000000000000000000000,1001,000000000000000000000000,1000000000000100,01000001,01000101,10001010,10101000,01000100,0000,0000,0000,0001,0000100010000000,0000100001000000,0000000000001000,1000000000033330,00100010,10001000,00100010,1000110000000000,10000000001000000010000000000000,00010001,00010000,10001000,10000000,00000000,00000000,0330001000000010,0000100010000001,0100010010000010,0100100010001000,1000010001001001,0010010010000100,0100010010000010,0100100010001000,1000010001001001,0010010010000100,1000100010000010,0000100010000010,1000100010000010,0000100010000000,0000000000001000,1010000000000000,1000001000000010,00000000100000001000000000000000,0000001000001000001000000000,0000100000000000001000000000,1000000000100000101000000000,0000001000001000100000100000,0000000000000000,0000000000000000,0000000000000000,0000000000000000,
0000000000000000,0,end,"
0000000000000000,0,end,"
0000000000000000,0,end,"
0000000000000000,0,end,"
0
177.0//bpm
9
88.50
12
177.0
divide
8.0
9
1.0
12
2.0
13
8.0
46
14.0
50
8.0
hideBarLine
↓
0
1