89
0
0
0000100000100000,0000000000000000,2000000010000000,0000000000000000,2000100000100000,0000000000000000,2000000010000000,0000000000000000,1010000010000100,1010000010000100,1010000010010000,1010000010001010,1010000010010000,1010000010001010,1010000010001000,0000000000000000,1000200000102000,1000200000102000,1000200000102000,1000200000102010,1000200000102000,1000200000102000,1000200000102020,1000200000102000,1000200000102000,1000200000102000,1000200000102020,1000200000102010,1000200000102000,1000200000102000,1000200000102000,2000000000010001,1000200010002010,0010200010102000,1010200010002010,0010200010102000,1000200010002010,0010200010102000,1000200010002010,0010200010102001,0000200010002010,0010200000102000,1010200010002010,0010200010102000,1000200010002010,0010200010102000,1010200010102010,0010200010102000,
0010000010001000,0000200000000010,0000100000100010,0000200000000010,0000001000000010,0000200000000010,0000100000101000,0000000000000010,0000100101000001,0000001000100000,0000100000000101,0000101010100000,0000101000100101,0000101010100000,0000100000100010,0000000000000000,0010001010000010,0010001010000010,0010001010000010,0010001010000000,0010001010000010,0010001010000010,0010001010000000,0010001010000010,0010001010000010,0010001010000010,0010001010000000,0010001010000000,0010001010000010,0010001010000010,0010001010000010,0000000000200010,0010010001000001,0001000100010000,0100010001010000,1000001001000100,0100010100010001,0101000100010010,0001001000100000,0001010001000010,1010010001000010,0101010001000100,0000001000100000,0000001000000010,0010001000100000,0000001000000010,0000010101010100,0000010001000010,
1000100000100010,0000000000000101,0010001000001000,0000000000000101,0000100000100000,0000000000000101,0010001010000010,0000000000000101,0010000000001000,1000100010001001,1000000101001010,1000000101000101,1000100101001010,1000100101010101,0010001010001000,0000000000000000,0100100101000100,0101010001000101,0100100001000100,1000100100000001,0100100101000100,0101010001000101,0100100001000100,1000100100000001,0100100101000100,0101010001000101,0100100001000100,1000100100000001,0100100101000100,0101010001000101,0100100001000100,0000000001000100,0100101010100010,1010101010101010,1010101010101010,0101010100101010,1010001000101000,1000101010101001,0100010101010101,0100001010010100,0100001000100100,1000101010101001,0101010101010101,0101010101010101,0100010101010101,0101010101010101,0101000010100001,0101001000001001,
0000001000000000,0000000000001000,0000100000100000,0000000000001000,0010000010001000,0000000000001000,0000100000001000,0000000000001000,1000001010100010,0010000101000010,0010001010100000,0010000000010000,0010001010100000,0010001000100000,1000000100000000,0000000000000000,1001010010010001,0000100100010000,1001010100010001,0101010001010100,1001010010010001,0000100100010000,1001010100010001,0101010001010100,1001010010010001,0000100100010000,1001010100010001,0101010001010100,1001010010010001,0000100100010000,1001010100010001,0000000010001000,1001000100010100,0100010001000101,0001000100000101,0010100010010001,0001000001000100,0000010001000100,0010100010000000,1010000100001000,1000100010001001,0000000100010010,1010100010001000,1000100010001000,1000100010001000,1000100010001000,0000001000001000,1000100100010100,
2001010001010000,0001010001000100,1001010001010000,0001010001000100,2000000000000000,2000000000000000,2000000000000000,2000000000000000,1000000010000000,1000000010000000,1010001010100010,1000100010001000,2020202020202020,1010101010101010,00010000100000100001000010000010,1000200010002010,0010200010102000,1010200010002010,0010202010002000,1000200010002010,0010200010102000,1000200010102010,0010202010002010,1000200010002010,0010200010102000,1000200010002010,0010200010102000,1000200010002010,0010200010102000,1000200010102010,0010200010102000,1001000001002001,0010200010102000,1000200010102010,0010200010102000,1000200010102010,0010200010102000,1000200010102010,0010200010102000,2000000010001000,000000000000000010000000000000,0000100000000010,00000000,00000000,0000100000000000,00000000,0000,00000000,0000,1000,1000,0000,0,0,end,"
0010100010101000,0010100010100001,0010100010101000,0010100010100001,0010001010011001,0010001010011001,0010001010010001,0010001010011001,0010001010011001,0010001010011001,0010001010011001,0010001010011001,0001000100010000,0101010101010101,00101000010001010010100001000101,0000010000100010,0010001000000000,0000001000100000,1000000010000010,0010001000000000,1000001000000010,0010001001010001,0001000000100101,0010001000100000,0000000000000010,0010001000100000,0000000000000010,0000000000000000,1000001000000000,0000000100010001,0000001000000000,0010000010100010,1000001000000010,0000000000000000,0000000000000010,0000000000000000,0000000000000000,0000000000000000,0000001000000010,0000000000100000,200000000000100000000000000000,0010001000001000,00001000,00001000,0000001000001000,20000000,0000,00000000,0010,0010,0010,0000,0,0,end,"
0101010100010101,0100010100011010,0101010100010101,0100010100011010,1101110101100110,1101110101100110,1101110101101110,1101110101100110,1101110101100110,1101110101100110,1101110101100110,1101110101100110,1010101010101101,2222222222222222,01000101001010000100010100101000,0010100100010101,0101010100101000,0000100000100010,0000100000100010,0100010000100010,0001001010001010,1001010010000010,1010010101002000,2000000100010010,0000100100010000,1000000100010010,0010000100001000,1000000010100000,0010100100001000,0001010010000000,1000100100100010,0100200100000100,0101000100010000,0000101000100010,1000001010001000,1010100000001010,1000101000010010,1000001010100010,1010000011100000,0000100000000000,000010000000000000010000000000,2000000000100000,00100010,00100000,0010000010000010,00000000,1000,00000000,1000,0000,0000,2000,0,0,end,"
1010001010001010,1010001001000100,1010001010001010,1010001001000100,0000000000000000,0000000000000000,0000000000000000,0000000000000000,0000000000000000,0000000000000000,1000000010000000,1000000010000000,0100010001000010,0000000000000000,10000010000100001000001000010000,0001001000001000,1000100010000010,0010000100010001,0010001000001000,1001000100001000,0000100100000001,0010000100000100,0100001000010000,0000100010001000,1000001000100000,0000100010001000,1000101000110000,0000101000001010,1000001000100000,1010001001000100,0010000010001000,1000001010001010,0010100010001000,1010000010001000,0010100000100000,0000001010100000,0010000010100000,0010100011101000,0011100000101000,0010001000000000,000000001000000000000000000000,0000000010000000,10000000,10000000,1000000000100000,00000000,0000,00100000,0000,0000,0000,0000,0,0,end,"
0
200.0
48
100.0
52
110.0
53
120.0
54
130.0
55
140.0
56
150.0
57
160.0
58
170.0
59
180.0
60
190.0
61
200.0
91
180.0
92
175.0
93
165.0
94
140.0
95
100.0
96
110.0
97
90.0
98
66.0
divide
8.0
62
8.0
63
8.40
64
8.0
89
8.05
90
4.0
91
4.0
92
8.0
93
4.0
94
2.0
hideBarLine
↓
91
1
94
1
95
1
96
1
97
1
98
1
99
1