215
0
0
10100011,01000000,10010101,01011001,10010001,01010100,10010101,01011001,10010001,01010100,00100010,00100100,00100010,01001010,00100010,00100010,00100010,01010110,0000100000001000,1000000010000000,0000100000001000,10001000,0000100000001000,1000000010000000,0000100000001000,00100010,1010,0000,000,0101,0000,000,2222,0000,000,1010,0000,111,0000100000100000,0010000000100000,2000200020002000,0000000000000000,0010000000101000,0000001001000010,0010000000202020,0000101010000000,0000100000100000,0010000000100000,2000200020002000,0000000000000000,0010000000101000,0000001001000010,1000001001001000,00000011,00001100,01100011,01010000,00100000,20000000,
01001100,00110000,00101000,10000010,01000100,10101010,00101000,10000010,01000100,10101010,01010101,01010001,10010100,10101101,01010101,01010101,10010100,02222000,1000001000100010,0010100001001000,1000001000100010,11111111,1000001000100010,0010100001001000,1000001000100010,01010101,0101,0000,000,2222,0000,000,0000,0000,111,2222,0000,000,0010001001001000,2000200020002020,0000001000000010,2000200020200020,0000100001000000,2000200020002020,2000000000000000,0020202020002000,0010001001001000,2000200020002020,0000001000000010,2000200020200020,0000100001000000,2000200020002020,0000100000100010,00001100,00110000,10001100,10100000,01010202,00000000,
00110110,01010000,01000111,01000100,10101010,10101010,01000111,01000100,10101010,10101010,10001000,10001100,10101101,10010010,11111111,01110010,10101101,00000001,0010100001001000,1000001000100010,0010100001001000,01010101,0010100001001000,1000001000100010,0010100001001000,11111111,2222,0000,000,0000,0000,111,1010,0000,000,0000,0000,000,2000200020002000,0000001000000000,0010000001001000,0000000000001000,2000200020002010,0010000000000000,0000202000001000,0000000000000000,2000200020002000,0000001000000000,0010000001001000,0000000000001000,2000200020002010,0010000000000000,0010000010001000,00110000,11000000,00110110,01100000,10000000,20000000,
11011001,00100000,10101010,10101010,00110001,00010001,10101010,10101010,00110001,00010001,11111111,11110010,01001010,00100010,10001000,10001000,01001010,10100010,1000000010000000,0000100000001000,1000000010000000,00100010,1000000010000000,0000100000001000,1000000010000000,10001000,0000,0000,111,1010,0000,000,0101,0000,000,0101,0000,000,0000000000000010,0000100001001000,0000100000100000,0010001000100010,0000001000000000,0000100000101000,0000000000100010,0010101000000000,0000000000000010,0000100001001000,0000100000100000,0010001000100010,0000001000000000,0000100000101000,1000100000000010,11000000,00000011,11011001,10010001,00000000,00000000,
01001101,10100010,01001100,10110010,11010110,00101100,11010100,00010100,10001000,10000100,10011001,00110010,11111111,01110010,00100100,10000010,00010001,00010010,10001110,00100010,00001010,1000001000000000,00101010,02201000,10220001,0000010000002000,01020000,00000000,0,end,"
10110010,11010001,10100001,01000101,00100001,00001010,00101010,10101010,01010101,01010010,01100100,11010100,00100010,00101001,10010011,01101001,11111111,11110001,01100000,10011001,11110101,0010100022222222,20220222,00010101,01000020,2010001010200020,02201000,00000000,0,end,"
00100001,00001010,00101010,10101010,10110010,11010001,10100001,01000101,00100010,00101001,10010011,01101001,01010101,01010010,01100100,11010100,10101010,10101010,10011001,01100000,01011111,1010000000000000,00000000,10122000,22010100,0000000020001000,00012000,00000000,0,end,"
11010110,00101100,11010100,00010100,01001101,10100010,01001100,10110010,11111111,11110010,00100100,10000010,10001000,10000100,10011001,00110010,01000100,01000100,00100010,10001110,10100000,0000101000000000,01010001,01000010,00101000,0000100000100010,00100010,00000000,0,end,"
0
188.0
27
47.0
28
188.0
30
47.0
31
188.0
33
47.0
34
188.0
36
47.0
37
188.0
58
47.0
59
188.0
divide
8.0
26
4.0
27
0.25
28
3.0
29
4.0
30
0.25
31
3.0
32
4.0
33
0.25
34
3.0
35
4.0
36
0.25
37
3.0
38
8.0
58
2.0
59
8.0
hideBarLine
↓
0
1
27
1
28
1
30
1
31
1
33
1
34
1
36
1
37
1