193
0
0
20002010,0000100000000020,0020000020100000,0000000010000000,2000000000002000,0000001000000000,0020000020100000,0000000010000000,2000000000002000,0000001000000000,0020000020100000,0000000010000000,2000000000002000,0000001000000000,2000000000102000,0100102000000000,00100000000010000000100000100000,00100000000010000000100000100000,00100000000010000000100000100000,0010000000002000000010000010,0,0,2010000000000010,0100000010000000,2010000000000010,0100000010000000,2010000000000010,0100000010000000,2010000000000010,0100001000200000,200102,012210,201002,012210,200102,012210,201002,000000100000200000200000000000000000,
00000100,0010000100100000,0000000000001000,0001001000100010,0000100000100000,2010000010100010,0000000000001000,0001001000100010,0000100000100000,2010000010100010,0000000000001000,0001001000100010,0000100000100000,2010000010100010,0010000100000010,0000000010002222,20000001001000100100000100000020,20000001001000100100000100002000,20000001001000100100000100000020,2000000100100010010000010000,1,0,0000100100101000,0010001000100100,0000100100101000,0010001000100100,0000100100101000,0010001000100100,0000100100101000,0010000020002000,021020,120021,020120,120021,021020,120021,020120,100000200000000000000002000020202020,
21010001,2001001000002000,2000100000000010,2010000100002000,0020000020000010,0000100100001000,2000100000000010,2010000100002000,0020000020000010,0000100100001000,2000100000000010,2010000100002000,0020000020000010,0000100100001000,0100002000000100,2010000100100000,00001000100001000010001000000000,00001020100001000010001020000000,00001020100001000010001000000000,0000102010000100001000100000,0,1,0100000010000100,2000000000001000,0100000010000100,2000000000001000,0100000010000100,2000000000001000,0100000010000100,2000000000000020,102201,201002,102201,200102,102201,201002,102201,200000000000200000200000000000000000,
00100000,0000000010000000,0000000000000000,0000100000000000,0000000000000000,0001000000010000,0000000000000000,0000100000000000,0000000000000000,0001000000010000,0000000000000000,0000100000000000,0000000000000000,0001000000010000,0000100010000000,0000000000000000,01000010000000001000000010001000,01000000000000001000000000000010,01000000000000001000000010001000,0100000000000000100000001000,0,0,0000001000000000,0000100100000010,0000001000000000,0000100100000010,0000001000000000,0000100100000010,0000001000000000,0000100100000000,010010,000100,010010,001000,010010,000100,010010,000000000000000000000000000000000000,
01000000001000000000001010000000,01000000001000000000001010000000,01000000001000000000001010000000,0001000200020002,00000010,00000000,2000000100000100,0000100010200000,2000000100000100,0000100010000020,2000000100000100,0000100010200000,2000000100000100,0000100010000020,0100010000010010,1000100010200000,0100010000000010,1000100010000020,0100010000010010,1000100010200000,0100010000000010,1000100010000020,200102,012210,201002,012210,200102,012210,201002,012210,200000000100,000120200000,200000000100,000120200000,200000000100,000120200000,200000000100,000000000100200000200000000000000000,0000000000000000,0,0,end,
20000000100001001010000000000010,20000000100001001010000000000010,20000000100001001010000000000010,0010001000100220,00000001,00020000,0010000000000010,0100001000002000,0010000010000010,0100001000002000,0010000000000010,0100001000002000,0010000010000010,0100001000002000,0000000100000000,0000001000002000,0000000100001000,0000001000002000,0000000100001000,0000001000002000,0000000100001000,0000001000002000,021020,120021,020120,120021,021020,120021,020120,120021,002001012021,012000002020,002001012021,012000002020,002001012021,012000002020,002001012021,000100200000000000000002000020202020,2000000000000000,0,0,end,
00100010000010100100100000100000,00100010000010100100100000100000,00100010000010100100100000100000,2100010021002000,00000000,10000020,0100001000001000,2010000100000020,0100001000001000,2010000100200000,0100001000100000,2010000000000020,0100001000100000,2010000000200000,2010001000100000,0010000100000020,2000001000100100,0010000100200000,2010001000100000,0010000100000020,2000001000100100,0010000100200000,102201,201002,102201,200102,102201,201002,102201,200102,010020200000,200001010001,010020200000,200001010001,010020200000,200001010001,010020200000,200000000000000100000000000000000000,0000000000000000,0,0,end,
00001001000000000000000100001000,00001001000000000000000100001000,00001001000000000000000100001000,0000100000000000,10000000,00000000,0000100010100000,0000000000000000,0000100000100000,0000000000000000,0000100010001000,0000000100000000,0000100000001000,0000000100000000,0000100010001000,0100010000000000,0010100010000000,0100010000000000,0000100010000000,0100010000000000,0010100010000000,0100010000000000,010010,000100,010010,001000,010010,000100,010010,001000,000100000000,000000000100,000100000000,000000000100,000100000000,000000000100,000100000000,000000000000000000000000000000000000,0000000000000000,0,0,end,
0
185.0
16
92.5
20
11.5625
21
46.25
22
185.0
30
185.0
38
92.5
42
11.5625
43
46.25
44
185.0
60
185.0
divide
8.0
19
7.0
20
0.0625
21
0.25
22
8.0
30
8.0
38
8.0
41
4.0
42
0.25
43
1.0
44
8.0
60
8.0
hideBarLine
0
20
1
21
1
42
1
43
1