194
0
0
0010000000100000,0010100000000000,0010000000001000,0010000010000010,0010000010000010,0000000010000000,0000000010000000,1000000010000000,0010000000100000,2000200020002000,2000200020002000,0000100000001010,0000100000001010,0000100000001010,0000100000001000,0000100000001010,1010000020002000,2000000020000000,0010000000100000,0000200000002000,0000001000000010,0010000000100000,2000200020002000,0020000000200000,2000200020002000,2000200020002000,2000200020002000,2000200020002000,2000200020002000,0000100000001000,0000100000000000,0000001000001000,0000000000000000,0000000000101000,0000000010000000,0000000000101000,0000000000000010,0000000000100000,0000000020000000,0010000020000000,1000000010001000,0010100000000000,0010000000001000,0010000010000010,0010000010000010,0000000010000000,0000000010000000,1000000010000000,0010000000100000,2000200020002000,2000200020002000,0000100000001010,0000100000001010,0000100000001010,0000100000001000,0000100000001010,1010000020002000,
1000100010001000,1000000010001000,1000100010000000,1000100000001000,0000100010001000,1000100000101000,1000100000001000,0000100000101000,1000100000001000,0000000000000000,0000000000000000,2000200020002000,2000200020002000,1010000010100000,1010000010000000,2000200010100000,2000200000000000,0010001000000010,2000200020002000,0010000000100000,2000200020002000,0000001000000010,0000000000000000,0000002000000020,0000002000000020,0000000000000000,0000000000000000,0000000000000000,0000000000000000,0000001000100010,1000000333333330,0000000000100010,0333333333333330,0010100000000022,2020000020001000,0010100000000000,2020000000001000,0010000000001022,2020000000002000,0000000000100000,0000100000100010,1000000010001000,1000100010000000,1000100000001000,0000100010001000,1000100000101000,1000100000001000,0000100000101000,1000100000001000,0000000000000000,0000000000000000,2000200020002000,2000200020002000,1010000010100000,1010000010000000,2000200010100000,2000200000000000,
1000100010001000,1000100010000010,1000000010001000,0000100010001000,1000100000001000,0010100010001010,1000100010001000,0010100000001000,1000000010001000,1000100010001010,0000100000001000,0000000000000000,0000000000000000,2000200020002000,2000200020002000,0000000020002000,0000000000001010,1000200000102000,0000000000000000,2000001020000010,0000000000000000,2000200020002000,0000001000000010,2000200020002000,0020000000200000,0010001000100010,1000000333333330,0000100000100010,1000000333300000,2000200020002000,2000200020002000,2000200020002000,2000200020002000,0000000010000000,0000000000002000,0000000010000000,0000000000100000,0000100010000000,0000000010000000,0000100000001020,0010001000001000,1000100010000010,1000000010001000,0000100010001000,1000100000001000,0010100010001010,1000100010001000,0010100000001000,1000000010001000,1000100010001010,0000100000001000,0000000000000000,0000000000000000,2000200020002000,2000200020002000,0000000020002000,0000000000001010,
0000001000000010,0000000000101000,0000100000000000,1000000000100000,1000001000100000,1000000000000000,0010000000000000,1000000010000010,0000100010000010,0010000000100000,1010000010000000,1010000010100000,1010000010100000,0000000000000000,0000000000000000,1010000000000000,0000100010100000,0000000000000000,0000001000000010,0000000000000000,0010000000100000,0000000000000000,0010000000100000,0000000000000000,0000000000000000,0000100000001000,0000100000000000,0000001000001000,0000100000000330,0000000000000000,0000000000000000,0000000000000000,0000000000000000,1000000000000000,0000100000000000,1000000000000000,0000100010000000,1000000000000000,0000100000001000,1000000000000000,1000100010000000,0000000000101000,0000100000000000,1000000000100000,1000001000100000,1000000000000000,0010000000000000,1000000010000010,0000100010000010,0010000000100000,1010000010000000,1010000010100000,1010000010100000,0000000000000000,0000000000000000,1010000000000000,0000100010100000,
20202020,20202020,00001111,00110011,00001111,00110011,10101010,00010001,20202020,2000200020002000,00001111,00110011,00001111,0001000000001010,10101010,00010001,00000000,0,end,"
00000000,00000000,20202020,20202020,11110000,11001100,00010001,10101010,00000000,0000010000000000,20202020,20202020,11110000,1010100010100000,00010001,10101010,00000000,0,end,"
11110000,11001100,00000000,00000000,20202020,20202020,01000100,10101010,11110000,1010101000100000,00000000,00000000,20202020,2000210020002000,01000100,10101010,00000000,0,end,"
00001111,00110011,11110000,11001100,00000000,00000000,10101010,01000100,00001111,0001000010001010,11110000,11001100,00000000,0000001000000000,10101010,01000100,00000000,0,end,"
0
168.0
divide
8.0
hideBarLine
↓
0
1
200