160
0
47.0
0000,0000,0000,0000,000100000000000000000000100000000000000000000000,1000100000100000,0001000000010000,0001000000010000,0001010000010100,1001010100010100,0001010100100100,1010101010001010,1001010000010100,0101001001010010,1000100010101001,0000000000000000,0000100000100010,0010000010000000,0010000010001000,1000100010001000,1000000010001000,0010000000100000,1000100000100000,1001000100101001,1000100010001000,0010001000000010,1000100010001000,1010101010101010,1000100010001000,0010001000000010,1000100010001000,1010101010101010,1000101000100010,0010001000100000,1000100000000010,0010001010100000,1001000010010100,2002010100020020,0200201001010100,0000000000000000,0010100010001000,1000100100001000,1000101000100000,1000101000001000,1000001000001000,0000100000001000,1010101001010001,0101010010000000,1000001010100000,1000101010101000,0000001010100000,1000101010101000,1000101000000000,0010100000100000,1010100010101000,1010101010101000,1010010101000000,1010101010100000,1010010101000000,
0000,0000,0000,0000,000000000100000000000010000000000000000000000000,0010000000010100,0100000001001001,0100101001001001,0010001000100010,0010001000100010,1000100010001010,0001000101000000,0100000101000001,1010100010101000,0101001001010010,1000000000000000,0010001000001000,1000001000001000,1000101000100010,0010001000100010,0010100000000010,1000001010000010,0010001010101000,0010001001010010,0000001000000010,1000000010001000,1010101010101010,0000100010000000,0000001000000010,1000000010001000,1010101010101010,0000100010000000,0100000010001000,1000100100001010,0101010010001000,1000100100001010,0100001001000010,0000002020000000,0000000010202020,2000001000001000,1000001000100010,0010010000100010,0010000100000101,0010010010100010,0000100010100000,1010001000100010,0101010100000100,1000101000100000,0000100101001000,0010000000000001,0000100000001000,0010000101000001,0100000010001000,0100001000001000,0101010000000010,0101010101010100,0101000000000010,0101000101001001,0101000010000010,
0000,0000,0000,0000,000000100000100000001000000000000000000000000100,0001000001001000,1000000000100010,0010010010100010,0100000101000000,1000100010001001,0010001001010001,0100010000100001,0010001010100010,1000101010001010,1000100010001000,0000000010000000,1000000010000000,1010101010101010,1000100010001000,1000100010001000,1000001000101000,1010101000001000,1010001000000010,0100010010000100,0010000000100000,1010101010101010,0000001000000010,1000001000100010,0010000000100000,1010101010101010,0000001000000010,1000001000100010,1000100100001000,0100000010100010,1000100101001000,0101000010100100,0010010000100100,0100000000101001,0010100200000000,0000000000000000,0010000100000101,0000001000000010,0010001000100010,0000000100000001,0010001000000010,0010001010001000,0000100001010010,0010000101000010,0010000000000010,0001000101000010,0010000101000010,0001000000000010,1000100100000010,0010000010000010,0000001001010100,0101000010101010,0000000101001001,0101000101000010,0000000101001001,
0000,0000,0000,0000,100000000000000000100000001000000000000000100000,0100010010000000,0010000010000100,1001000100010100,1000100010001001,0101000101010000,0100100100100100,0010001000010100,1000100010001000,0010010100100101,0010010100100101,0000000000000000,1010101010101010,0000100000000000,0010001000100010,0010001000100010,0010101010100000,0000100000100010,0000100010001000,1010100100101000,1010101010101010,0000100000100000,0010000000100000,0010000000001000,1010101010101010,0000100000100000,0010000000100000,0010000000001000,0010001000100010,1000101000001000,0010001000100010,1000100000001000,1000100100001001,0010100101000100,1001010000010001,0010000000100000,1000100010001000,1000100010001000,1000100010001000,1000100010001010,1000100010001000,1000100010100010,0101000010101000,0101010010001000,1001001010100001,0000001010100000,1001001010100001,0000001010100000,0010001000100000,1000100100101000,1010100010101000,1010101001010000,1010101010100000,1010101010100000,1010101010100000,
1010101010100000,1010101010101010,1010101010101000,1010101010101010,1010101010100000,000100000100000100000100,000100000100000100000100,100100000100000100000100,000100000100000100000100,000100000100100100100100,1001000100010001,1001000100010010,1001000100010001,1001000100010010,1000101010001010,1000101000100100,0001010001101000,0000001000001000,1010100101000101,0000100000000000,0000000000000000000000000000000000000000000000000000000000000000,0,end,
0010000101001001,0101000100100100,0101000101010100,0101000010100100,0001000101010100,001010001010001010001010,001010001010001010001010,001010001010001010001010,001010001010001010001010,001010001010001010001010,0100101001001010,0100101001001001,0100101001000010,0100101001000001,0010010100100101,0101010101010010,1010101011010010,1010000000100000,0101001010101010,1001000000000000,0000000000000000000000000000000000000000000000000000000000000000,0,end,
0101000010000010,0010000101010100,0101000010101010,0101000101010000,0100001010101010,010001010001010001010001,010001010001010001010001,010001010001010001010001,010001010001010001010001,010001010001010001010001,0010010000000100,0010010010000100,0010010010010100,0010010010010100,0101001001010010,1010100010100101,0101010100101101,0000001000000000,1010100101001010,1010000000000000,0000000000000000000000000000000000000000000000000000000000000000,0,end,
1010101010100000,1010101010101010,1010101010101000,1010101010101010,1010100101010100,100000100000100000100000,100000100000100000100000,100000100000100100100000,100000100000100000100000,100100100100100100100100,1000100110101000,1000100110101000,1000101100101000,1000100110101000,1010100010101000,0101010101001010,1010001010000110,1000000000001000,0101001010100101,0100100000000000,0000000000000000000000000000000000000000000000000000000000000000,0,end,
0
160.0
divide
8.0
hideBarLine
0
