194
33
143
0000000010001000,1000000000000000,1000000000001000,0000000010000000,10000000000000001000000000000001,0000000000000001,1000000010000000,0000000010000010,1000000000000000,1000000010001000,0000000010000000,1000100010000000,1000001000001000,1000100010000000,0000100010000000,1000100010001000,1000100010001000,1000100010001000,0010001000100010,1000100010001000,1000100010001000,1000100010001000,0010000000100000,1000101010001000,1000100010001010,0000001000100000,2000000020000000,2000000010001000,2000000023330000,1000100000000003,0000000333333330,0000000020000000,2000000020000000,1001010010001011,0101000101010011,0100001010101010,1010101000100100,0100001010101010,1001001010100100,0100100101010010,1010100010101000,0000000000000000,0000000000000000,0000000000000000,0000000000000000,0000000000000000,0000000000000000,0000000000000000,0000000000000000,0000000000000000,0000000000000000,0000000000000000,0000000000000000,0000000000000000,0000000000000000,0000000000000000,0000000000000000,
1000100010101010,1010100010000001,1000100010001000,1000000010101000,10001000100000001000000010000010,0010100010000000,1010000010001000,1000000010101000,1010101000000000,0000101000101000,1000100010001010,0010100000001000,1010100000100010,0010100000001011,1010001010101000,0010100000001010,1010100010001010,1000100010001000,1000100010001000,1000100010001000,0010001000100010,1000101010001000,1000100010001010,1000100010001000,0010000000100000,1000100100001000,0333000333333330,0000100010001000,0333000300000000,1000101000000300,0333000010001000,1000000300030000,0333333333333330,0000101001010000,0000010010001000,1010100100100100,1001001010101010,1010100100100100,1010101000101010,1010101000101010,1000101010001010,0000000000000000,0000000000000000,0000000000000000,0000000000000000,0000000000000000,0000000000000000,0000000000000000,0000000000000000,0000000000000000,0000000000000000,0000000000000000,0000000000000000,0000000000000000,0000000000000000,0000000000000000,0000000000000000,
1010101010001000,1000000010101000,1010100010000000,1010100010000010,10000000100010001000000010000100,1000000010101000,1000100010001000,1010100010000001,1000100000000000,0010100000001011,1010100010101000,0000101000101010,0010000010101010,0000101000101000,1000100010000010,0000101000101000,1000100010101000,1000100010001000,1000100010001000,0010001000100010,1000100010001000,1000100010001010,1000101010001000,0010000000100000,1000100010001000,1000100010001001,0000230000002000,0000100100100001,0000230000002330,0010000100030000,0000230000100010,1010230000002003,0000200000002000,1010100100100100,1020202020101010,0000101001010001,0010100101001011,0000101001010011,0010010010001000,1010001010101000,1010101010101010,0000000000000000,0000000000000000,0000000000000000,0000000000000000,0000000000000000,0000000000000000,0000000000000000,0000000000000000,0000000000000000,0000000000000000,0000000000000000,0000000000000000,0000000000000000,0000000000000000,0000000000000000,0000000000000000,
1000100000000000,1000000010000010,0000100000000000,1000000000000000,00000000100000000000100000001000,1000000010000010,0000100000001000,1000000000000000,0000100003333330,1000100010000000,0000101000000000,1000000010001000,0000100010001000,1000000010001000,0000100000001000,1000100010001000,1000101010001000,0010001000100010,1000100010001000,1000100010001000,1000100010001000,0010000000100000,1000100010001000,1000100010001010,1000101010001000,0010000010000010,0000000000000000,0010001000000010,0000000000000000,0000000003000000,0000000010001000,0000000000000300,0000000000000000,0100001010101010,1000000000100100,1001010010001010,0100010010010000,1001010010001000,0100100101010011,0001010010000101,0101010101010101,0000000000000000,0000000000000000,0000000000000000,0000000000000000,0000000000000000,0000000000000000,0000000000000000,0000000000000000,0000000000000000,0000000000000000,0000000000000000,0000000000000000,0000000000000000,0000000000000000,0000000000000000,0000000000000000,
00000000,00000000,00000000,00000000,00000000,00000000,00000000,00000000,00000000,0000000000000000,00000000,00000000,00000000,0000000000000000,00000000,00000000,00000000,0,end,"
00000000,00000000,00000000,00000000,00000000,00000000,00000000,00000000,00000000,0000000000000000,00000000,00000000,00000000,0000000000000000,00000000,00000000,00000000,0,end,"
00000000,00000000,00000000,00000000,00000000,00000000,00000000,00000000,00000000,0000000000000000,00000000,00000000,00000000,0000000000000000,00000000,00000000,00000000,0,end,"
00000000,00000000,00000000,00000000,00000000,00000000,00000000,00000000,00000000,0000000000000000,00000000,00000000,00000000,0000000000000000,00000000,00000000,00000000,0,end,"
0
168.0
divide
8.0
hideBarLine
↓
0
1
200